MIN: 0.08447375012937526
MAX: 2.993334812324814
MEAN: 1.4615805777667326
STD: 0.7649382525048773
TOTAL: 87.69483466600396