MIN: 0.24821974421969978
MAX: 3.040284327619643
MEAN: 1.310177486533337
STD: 0.5105586077662666
TOTAL: 131.0177486533337