MIN: 0.3534154757204226
MAX: 2.3644368358486325
MEAN: 1.288794964838652
STD: 0.49174607294985356
TOTAL: 128.8794964838652