MIN: 0.25629415264657407
MAX: 3.840543496365656
MEAN: 1.3662570940057615
STD: 0.6021115465452008
TOTAL: 163.95085128069138