MIN: 0.18838725721578756
MAX: 3.44973048948151
MEAN: 1.4170488829697083
STD: 0.7425548902909537
TOTAL: 85.0229329781825