MIN: 0.07794213862387518
MAX: 0.44351270568106305
MEAN: 0.26154244884564404
STD: 0.18089501153448875
TOTAL: 2.6154244884564406