MIN: 0.17336221564386778
MAX: 0.45536829196848655
MEAN: 0.3137926117096356
STD: 0.13954661090456005
TOTAL: 3.1379261170963564